0 /HKG_004_a_0009 Aaron 372 [9, 0, 9, 9, 0, 6, 4, 5, 0, 6]
1 /HKG_006_a_0009 Aaron 2291 [1, 3, 5, 5, 6, 1, 1, 3, 2, 6]
2 /HKG_001_a_0012a Aaron 161 [6, 6, 6, 6, 8, 6, 6, 6, 6, 6]
3 /HKG_001_a_0012a Aaron 172 [6, 6, 6, 6, 6, 6, 6, 8, 6, 6]
4 /HKG_001_a_0012a Aaron 183 [8, 6, 6, 6, 6, 7, 6, 6, 6, 8]
5 /HKG_001_a_0013 Aaron 191 [6, 3, 2, 2, 4, 3, 4, 6, 6, 7]
6 /HKG_001_a_0013 Aaron 202 [7, 5, 7, 9, 7, 9, 9, 2, 9, 6]
7 /HKG_001_a_0013 Aaron 213 [8, 8, 8, 2, 8, 6, 6, 7, 6, 8]
8 /HKG_001_a_0014 Aaron 221 [5, 5, 5, 5, 5, 5, 5, 5, 5, 5]
9 /HKG_001_a_0014 Aaron 232 [5, 5, 6, 1, 5, 5, 1, 5, 5, 5]
10 /HKG_001_a_0014 Aaron 243 [5, 5, 5, 5, 1, 5, 5, 5, 5, 5]
11 /HKG_001_a_0016 Aaron 251 [1, 7, 6, 6, 10, 6, 6, 6, 5, 2]
12 /HKG_001_a_0016 Aaron 262 [5, 1, 1, 1, 1, 1, 1, 1, 1, 1]
13 /HKG_001_a_0016 Aaron 273 [1, 1, 1, 1, 1, 1, 1, 1, 1, 1]
14 /HKG_001_a_0022a Aaron 281 [5, 6, 6, 5, 8, 8, 8, 1, 5, 8]
15 /HKG_001_a_0022a Aaron 303 [6, 1, 6, 3, 6, 6, 6, 2, 6, 6]
16 /HKG_001_a_0025 Aaron 311 [4, 7, 0, 7, 7, 7, 3, 4, 3, 3]
17 /HKG_001_a_0025 Aaron 322 [0, 9, 0, 8, 9, 9, 7, 7, 9, 0]
18 /HKG_001_a_0025 Aaron 333 [9, 7, 0, 0, 0, 0, 9, 0, 0, 0]
19 /HKG_001_a_0026 Aaron 341 [6, 6, 6, 6, 6, 6, 6, 6, 6, 6]
20 /HKG_001_a_0027a Aaron 371 [6, 6, 6, 6, 6, 6, 6, 6, 6, 6]
21 /HKG_001_a_0027a Aaron 382 [6, 6, 6, 6, 6, 6, 8, 6, 6, 6]
22 /HKG_001_a_0027a Aaron 393 [6, 6, 6, 6, 6, 6, 6, 6, 6, 6]
23 /HKG_001_a_0028 Aaron 401 [6, 6, 6, 6, 6, 6, 6, 6, 6, 6]
24 /HKG_001_a_0028 Aaron 412 [6, 6, 6, 6, 6, 6, 6, 6, 6, 6]
25 /HKG_001_a_0028 Aaron 423 [6, 6, 6, 6, 6, 6, 6, 6, 6, 6]
26 /HKG_001_b_0001a Aaron 442 [6, 3, 6, 7, 7, 6, 7, 6, 6, 6]
27 /HKG_001_b_0001a Aaron 453 [6, 6, 6, 6, 6, 6, 6, 6, 6, 4]
28 /HKG_001_b_0004a Aaron 461 [6, 6, 6, 6, 6, 6, 6, 6, 6, 6]
29 /HKG_001_b_0004a Aaron 472 [6, 6, 6, 6, 6, 6, 6, 6, 6, 6]
30 /HKG_001_b_0004a Aaron 483 [6, 6, 6, 6, 6, 6, 6, 6, 6, 6]
31 /HKG_001_b_0006b Aaron 501 [6, 4, 6, 6, 6, 6, 6, 6, 5, 3]
32 /HKG_001_b_0006b Aaron 512 [6, 10, 4, 6, 6, 6, 4, 6, 6, 6]
33 /HKG_001_b_0006b Aaron 523 [6, 6, 6, 6, 6, 6, 6, 6, 4, 6]
34 /HKG_001_b_0007 Aaron 531 [6, 6, 6, 6, 6, 6, 6, 2, 6, 6]
35 /HKG_001_b_0007 Aaron 542 [6, 6, 3, 6, 6, 6, 6, 6, 2, 6]
36 /HKG_001_b_0007 Aaron 553 [6, 6, 3, 6, 6, 6, 2, 6, 6, 6]
37 /HKG_001_b_0008a Aaron 561 [4, 6, 4, 6, 6, 6, 2, 6, 6, 6]
38 /HKG_001_b_0008a Aaron 572 [4, 5, 6, 6, 6, 4, 6, 4, 6, 6]
39 /HKG_001_b_0011a Aaron 591 [11, 11, 4, 11, 11, 11, 11, 11, 11, 11]
40 /HKG_001_b_0011a Aaron 602 [11, 11, 11, 11, 11, 11, 11, 11, 11, 11]
41 /HKG_001_b_0011a Aaron 613 [11, 11, 11, 11, 11, 11, 11, 11, 10, 11]
42 /HKG_001_b_0015 Aaron 621 [9, 7, 7, 9, 7, 7, 7, 9, 9, 7]
43 /HKG_001_b_0015 Aaron 632 [7, 7, 7, 7, 7, 7, 7, 7, 7, 7]
44 /HKG_001_b_0015 Aaron 643 [1, 1, 1, 1, 1, 1, 1, 1, 1, 1]
45 /HKG_001_b_0017a Aaron 651 [6, 6, 6, 6, 6, 5, 6, 6, 6, 6]
46 /HKG_001_b_0017a Aaron 662 [6, 5, 6, 6, 6, 6, 6, 3, 6, 6]
47 /HKG_001_b_0017a Aaron 673 [6, 6, 6, 3, 3, 6, 6, 6, 6, 6]
48 /HKG_001_b_0023 Aaron 681 [7, 7, 6, 7, 7, 7, 7, 7, 7, 6]
49 /HKG_001_b_0023 Aaron 692 [1, 1, 6, 5, 1, 5, 1, 6, 1, 6]
50 /HKG_001_b_0023 Aaron 713 [1, 1, 7, 1, 1, 6, 1, 4, 1, 6]
51 /HKG_001_b_0026a Aaron 721 [6, 1, 6, 4, 6, 5, 1, 6, 6, 6]
52 /HKG_001_b_0026a Aaron 753 [6, 2, 6, 6, 6, 1, 4, 4, 6, 6]
53 /HKG_001_b_0031 Aaron 771 [6, 6, 4, 6, 6, 6, 6, 6, 6, 6]
54 /HKG_001_b_0031 Aaron 782 [6, 6, 6, 6, 6, 6, 4, 6, 6, 6]
55 /HKG_001_b_0031 Aaron 793 [6, 6, 6, 6, 6, 6, 6, 6, 6, 2]
56 /HKG_001_b_0034 Aaron 801 [7, 6, 5, 3, 7, 8, 8, 6, 3, 6]
57 /HKG_001_b_0034 Aaron 812 [7, 7, 5, 7, 3, 6, 6, 7, 6, 5]
58 /HKG_001_b_0034 Aaron 823 [3, 5, 2, 6, 5, 6, 6, 6, 5, 5]
59 /HKG_001_b_0037a Aaron 831 [6, 3, 7, 5, 5, 8, 5, 3, 3, 3]
60 /HKG_001_b_0037a Aaron 842 [5, 7, 6, 7, 6, 5, 6, 8, 6, 3]
61 /HKG_001_b_0037a Aaron 853 [2, 8, 6, 8, 2, 2, 6, 6, 3, 3]
62 /HKG_001_b_0038 Aaron 861 [6, 6, 5, 5, 6, 6, 5, 5, 5]
63 /HKG_001_b_0038 Aaron 872 [6, 6, 6, 6, 6, 5, 8, 6, 5, 5]
64 /HKG_001_b_0038 Aaron 883 [6, 5, 6, 6, 6, 5, 6, 5, 5, 6]
65 /HKG_001_b_0039 Aaron 902 [6, 5, 5, 6, 5, 5, 5, 5, 5, 6]
66 /HKG_001_b_0039 Aaron 913 [6, 6, 5, 5, 5, 5, 6, 8, 8, 6]
67 /HKG_001_b_0040 Aaron 921 [3, 6, 6]
68 /HKG_001_b_0040 Aaron 932 [1, 6, 6, 6, 8, 7, 6]
69 /HKG_001_b_0040 Aaron 943 [3, 4, 6]
70 /HKG_001_b_0057 Aaron 951 [4, 7, 4, 0, 4, 4, 0, 0, 0, 4]
71 /HKG_001_b_0057 Aaron 962 [4, 4, 7, 6, 9, 6, 4, 8, 7, 4]
72 /HKG_001_b_0057 Aaron 973 [6, 4, 6, 4, 7, 11, 4, 4, 4, 1]
73 /HKG_001_c_0001 Aaron 1003 [11, 6, 11, 11, 11, 6, 6, 11, 11, 11]
74 /HKG_001_c_0001 Aaron 981 [6, 10, 10, 10, 6, 10, 7, 10, 10, 10]
75 /HKG_001_c_0001 Aaron 992 [10, 6, 11, 11, 11, 6, 11, 11, 6, 10]
76 /HKG_001_c_0007 Aaron 1011 [6, 6, 6, 11, 6, 6, 6, 6, 11, 6]
77 /HKG_001_c_0007 Aaron 1022 [4, 4, 6, 6, 6, 6, 6, 6, 6, 4]
78 /HKG_001_c_0010 Aaron 1041 [6, 6, 6, 8, 8, 6, 6, 6, 6, 6]
79 /HKG_001_c_0010 Aaron 1052 [6, 6, 5, 5, 5, 6, 5, 6, 6, 6]
80 /HKG_001_c_0010 Aaron 1063 [6, 6, 6, 6, 6, 6, 6, 6, 6, 6]
81 /HKG_001_d_0003 Aaron 1071 [11, 11, 11, 11, 10, 11, 11, 11, 11, 11]
82 /HKG_001_d_0003 Aaron 1082 [11, 11, 6, 11, 11, 11, 11, 11, 11, 11]
83 /HKG_001_d_0003 Aaron 1093 [11, 11, 11, 11, 11, 11, 11, 11, 11, 11]
84 /HKG_001_d_0007 Aaron 1101 [6, 7, 6, 6, 11, 6, 11, 6, 6, 6]
85 /HKG_001_d_0007 Aaron 1112 [6, 6, 11, 11, 6, 6, 11, 6, 6, 6]
86 /HKG_001_d_0007 Aaron 1123 [4, 11, 6, 6, 6, 6, 6, 6, 6, 6]
87 /HKG_001_d_0008a Aaron 1131 [6, 2, 8, 6, 6, 6, 6, 10, 10, 6]
88 /HKG_001_d_0008a Aaron 1142 [6, 6, 6, 6, 9, 1, 1, 9, 3, 6]
89 /HKG_001_d_0008a Aaron 1153 [1, 6, 1, 7, 1, 1, 1, 9, 1, 1]
90 /HKG_001_d_0011 Aaron 1171 [11, 5, 11, 11, 11, 11, 11, 11, 11, 11]
91 /HKG_001_d_0011 Aaron 1193 [11, 9, 11, 11, 8, 9, 9, 9, 11, 11]
92 /HKG_001_d_0014 Aaron 1201 [3, 3, 3, 3, 3, 3, 3, 3, 3, 3]
93 /HKG_001_d_0014 Aaron 1212 [3, 3, 3, 3, 3, 3, 3, 3, 3, 3]
94 /HKG_001_d_0014 Aaron 1223 [3, 3, 3, 3, 3, 3, 3, 3, 3, 3]
95 /HKG_001_d_0016 Aaron 1241 [3, 3, 3, 3, 3, 3, 3, 3, 3, 3]
96 /HKG_001_d_0016 Aaron 1252 [3, 3, 3, 3, 3, 3, 3, 3, 3, 3]
97 /HKG_001_d_0016 Aaron 1263 [3, 3, 3, 3, 3, 3, 3, 3, 3, 3]
98 /HKG_001_d_0017 Aaron 1271 [4, 4, 5, 7, 7, 7, 4, 7, 4, 3]
99 /HKG_001_d_0017 Aaron 1282 [4, 4, 4, 4, 4, 4, 4, 4, 4, 4]
100 /HKG_001_d_0017 Aaron 1293 [7, 4, 7, 7, 4, 7, 4, 7, 5, 4]
101 /HKG_001_d_0026a Aaron 1301 [1, 1, 1, 1, 1, 11, 11, 1, 5, 1]
102 /HKG_001_d_0026a Aaron 1312 [1, 11, 11, 11, 11, 1, 1, 11, 1, 11]
103 /HKG_001_d_0026a Aaron 1323 [11, 0, 0, 1, 0, 11, 11, 11, 11, 1]
104 /HKG_001_d_0027 Aaron 1342 [6, 6, 6, 11, 11, 6, 6, 11, 11, 6]
105 /HKG_001_d_0027 Aaron 1353 [11, 11, 6, 11, 6, 11, 6, 6, 11, 6]
106 /HKG_002_a_0002 Aaron 1361 [6, 6, 6, 2, 6, 6, 6, 6, 6, 6]
107 /HKG_002_a_0002 Aaron 1372 [6, 6, 6, 6, 6, 6, 6, 6, 2, 8]
108 /HKG_002_a_0002 Aaron 1383 [6, 6, 6, 6, 6, 6, 6, 6, 8, 6]
109 /HKG_002_a_0006 Aaron 1391 [6, 6, 6, 6, 6, 5, 6, 6, 6, 6]
110 /HKG_002_a_0006 Aaron 1402 [6, 6, 5, 7, 6, 6, 6, 6, 6, 6]
111 /HKG_002_a_0006 Aaron 1413 [6, 6, 6, 5, 6, 6, 6, 6, 6, 6]
112 /HKG_002_a_0008 Aaron 1421 [6, 6, 6, 6, 6, 6, 3, 4, 6, 6]
113 /HKG_002_a_0008 Aaron 1432 [8, 10, 8, 8, 8, 2, 9, 8, 8, 8]
114 /HKG_002_a_0008 Aaron 1443 [8, 8, 8, 8, 8, 8, 8, 8, 8, 8]
115 /HKG_002_a_0011 Aaron 1462 [2, 2, 2, 2, 2, 2, 2, 2, 2, 2]
116 /HKG_002_a_0012a Aaron 1481 [2, 1, 1, 2, 1, 1, 1, 5, 1, 1]
117 /HKG_002_a_0012a Aaron 1492 [5, 1, 1, 1, 5, 6, 6, 7, 1, 1]
118 /HKG_002_a_0012a Aaron 1513 [6, 2, 1, 1, 7, 6, 5, 6, 2, 6]
119 /HKG_002_a_0013a Aaron 1521 [1, 1, 1, 1, 1, 1, 1, 1, 1, 1]
120 /HKG_002_a_0013a Aaron 1532 [4, 2, 6, 3, 0, 1, 6, 6, 6, 1]
121 /HKG_002_a_0013a Aaron 1543 [6, 6, 6, 6, 7, 6, 6, 6, 4, 6]
122 /HKG_002_a_0015 Aaron 1551 [1, 2, 1, 1, 5, 1, 5, 2, 1, 5]
123 /HKG_002_a_0015 Aaron 1562 [1, 7, 5, 10, 5, 8, 5, 1, 1, 5]
124 /HKG_002_a_0015 Aaron 1573 [1, 5, 1, 5, 1, 1, 1, 5, 1, 1]
125 /HKG_002_a_0016 Aaron 1581 [6, 6, 6, 6, 6, 6, 1, 6, 6, 5]
126 /HKG_002_a_0016 Aaron 1592 [6, 6, 6, 6, 6, 6, 6, 6, 6, 6]
127 /HKG_002_a_0016 Aaron 1603 [5, 6, 6, 6, 6, 6, 6, 6, 6, 5]
128 /HKG_002_a_0017 Aaron 1611 [6, 6, 6, 6, 6, 6, 6, 6, 1, 6]
129 /HKG_002_a_0017 Aaron 1633 [6, 3, 6, 5, 6, 6, 6, 6, 6, 6]
130 /HKG_002_a_0018a Aaron 1641 [4, 6, 7, 6, 6, 4, 4, 7, 6, 6]
131 /HKG_002_a_0018a Aaron 1652 [6, 6, 6, 6, 6, 4, 7, 8, 2, 10]
132 /HKG_002_a_0018a Aaron 1663 [2, 3, 6, 8, 2, 10, 6, 2, 5, 7]
133 /HKG_002_a_0041a Aaron 1671 [8, 8, 6, 8, 8, 8, 8, 6, 1, 8]
134 /HKG_002_a_0041a Aaron 1682 [8, 8, 8, 8, 1, 1, 1, 6, 8, 1]
135 /HKG_002_a_0041a Aaron 1693 [8, 8, 8, 8, 6, 5, 8, 8, 6, 8]
136 /HKG_002_a_0043 Aaron 1701 [7, 7, 7, 7, 7, 7, 7, 7, 7, 7]
137 /HKG_002_a_0043 Aaron 1712 [7, 5, 7, 7, 7, 7, 5, 5, 7, 5]
138 /HKG_002_a_0043 Aaron 1733 [5, 7, 7, 6, 5, 5, 5, 5, 5, 5]
139 /HKG_002_a_0045 Aaron 1751 [7, 6, 8, 7, 7, 7, 3, 6, 5, 5]
140 /HKG_002_a_0045 Aaron 1762 [6, 8, 6, 10, 6, 6, 8, 6, 10, 10]
141 /HKG_002_a_0045 Aaron 1773 [8, 4, 5, 10, 6, 8, 8, 6, 7, 6]
142 /HKG_002_a_0046 Aaron 1792 [5, 7, 7, 5, 5, 5, 5, 1, 5, 5]
143 /HKG_002_a_0046 Aaron 1803 [5, 5, 3, 5, 5, 5, 5, 5, 5, 5]
144 /HKG_002_b_0002 Aaron 1811 [3, 3, 3, 3, 3, 3, 3, 3, 3, 3]
145 /HKG_002_b_0002 Aaron 1822 [3, 3, 3, 3, 1, 3, 3, 3, 3, 3]
146 /HKG_002_b_0002 Aaron 1833 [1, 3, 3, 3, 3, 3, 3, 3, 3, 1]
147 /HKG_002_b_0003 Aaron 1841 [7, 7, 7, 11, 6, 7, 7, 7, 6, 6]
148 /HKG_002_b_0003 Aaron 1852 [6, 7, 6, 11, 11, 6, 6, 11, 6, 7]
149 /HKG_002_b_0003 Aaron 1863 [6, 6, 7, 6, 6, 7, 6, 6, 6, 6]
150 /HKG_002_b_0004 Aaron 1871 [6, 7, 7, 6, 7, 7, 6, 7, 7, 7]
151 /HKG_002_b_0004 Aaron 1882 [7, 7, 7, 7, 11, 6, 5, 7, 7, 7]
152 /HKG_002_b_0004 Aaron 1893 [7, 7, 6, 7, 11, 7, 7, 7, 5, 7]
153 /HKG_002_b_0005 Aaron 1901 [3, 3, 6, 6, 8, 6, 6, 6, 6, 2]
154 /HKG_002_b_0005 Aaron 1912 [6, 2, 5, 6, 6, 6, 6, 3, 5, 8]
155 /HKG_002_b_0006 Aaron 1931 [6, 5, 6, 0, 0, 5, 5, 6, 6, 3]
156 /HKG_002_b_0006 Aaron 1952 [6, 6, 5, 6, 6, 5, 5, 6, 6, 5]
157 /HKG_002_b_0006 Aaron 1963 [5, 6, 5, 5, 6, 5, 6, 7, 7, 5]
158 /HKG_002_b_0007 Aaron 1971 [6, 11, 6, 6, 6, 6, 6, 6, 3, 6]
159 /HKG_002_b_0007 Aaron 1982 [11, 11, 8, 5, 4, 4, 8, 6, 6, 5]
160 /HKG_002_b_0007 Aaron 1993 [6, 6, 3, 3, 8, 3, 7, 11, 6, 6]
161 /HKG_002_b_0008 Aaron 2001 [1, 1, 1, 5, 5, 1, 1, 5, 1, 7]
162 /HKG_002_b_0008 Aaron 2012 [5, 1, 7, 5, 7, 1, 7, 7, 1, 5]
163 /HKG_002_b_0008 Aaron 2023 [5, 1, 7, 7, 7, 7, 5, 1, 7, 5]
164 /HKG_002_b_0009 Aaron 2031 [5, 5, 5, 5, 5, 5, 5, 5, 5, 5]
165 /HKG_002_b_0009 Aaron 2042 [4, 0, 0, 0, 0, 0, 4, 4, 5, 0]
166 /HKG_002_b_0009 Aaron 2053 [6, 5, 6, 5, 6, 5, 6, 2, 6, 6]
167 /HKG_002_b_0012 Aaron 2061 [6, 6, 4, 6, 6, 4, 3, 4, 6, 1]
168 /HKG_002_b_0012 Aaron 2083 [6, 6, 6, 6, 8, 6, 6, 6, 3, 8]
169 /HKG_002_b_0028 Aaron 2091 [7, 6, 6, 5, 6, 6, 6, 6, 6, 6]
170 /HKG_002_b_0028 Aaron 2102 [5, 6, 6, 7, 6, 6, 6, 6, 6, 6]
171 /HKG_002_b_0028 Aaron 2113 [6, 6, 6, 6, 5, 6, 6, 6, 6, 6]
172 /HKG_002_b_0029 Aaron 2121 [5, 5, 5, 6, 6, 5, 6, 5, 6, 5]
173 /HKG_002_b_0029 Aaron 2132 [3, 5, 6, 5, 5, 6, 5, 5, 5, 7]
174 /HKG_002_b_0029 Aaron 2143 [5, 5, 5, 5, 5, 7, 5, 5, 5, 6]
175 /HKG_002_b_0030 Aaron 2151 [6, 6, 5, 6, 6, 6, 6, 6, 6, 6]
176 /HKG_002_b_0030 Aaron 2162 [4, 4, 6, 6, 6, 6, 6, 6, 3, 6]
177 /HKG_002_b_0030 Aaron 2173 [6, 6, 6, 6, 5, 4, 6, 3, 6, 4]
178 /HKG_002_c_0001 Aaron 2181 [6, 6, 6, 6, 6, 6, 6, 6, 6, 6]
179 /HKG_002_c_0001 Aaron 2192 [1, 6, 2, 3, 6, 6, 6, 6, 7, 6]
180 /HKG_002_c_0001 Aaron 2203 [7, 7, 7, 6, 2, 7, 6, 6, 6, 7]
181 /HKG_004_a_0019 Aaron 511 [5, 6, 6, 6, 0, 6, 6, 6, 5, 5]
182 /HKG_004_b_0008 Aaron 653 [8, 2, 2, 7, 8, 4, 1, 4, 6, 5]
183 /HKG_004_d_0001 Aaron 802 [11, 11, 1, 5, 11, 5, 5, 0, 5, 0]
184 /HKG_004_d_0006a Aaron 941 [5, 7, 0, 1, 5, 0, 5, 0, 5, 0]
185 /HKG_005_a_0002a Aaron 1093 [6, 5, 6, 6, 6, 6, 6, 7, 7, 6]
186 /HKG_005_a_0011 Aaron 1242 [6, 6, 5, 5, 5, 2, 6, 6, 5, 4]
187 /HKG_005_a_0016 Aaron 1391 [1, 1, 10, 1, 1, 6, 2, 1, 1, 8]
188 /HKG_005_a_0024 Aaron 1543 [6, 6, 6, 5, 0, 7, 6, 7, 5, 6]
189 /HKG_005_b_0004a Aaron 1692 [6, 5, 5, 5, 6, 5, 5, 5, 5, 5]
190 /HKG_005_c_0001 Aaron 1831 [2, 6, 2, 6, 2, 6, 1, 6, 2, 6]
191 /HKG_005_d_0003 Aaron 1973 [11, 4, 5, 11, 5, 4, 5, 5, 5, 5]
192 /HKG_005_d_0011 Aaron 2132 [6, 6, 6, 6, 6, 6, 6, 6, 6, 1]
193 /HKG_002_c_0002 Aaron 2222 [11, 11, 11, 11, 11, 11, 11, 11, 11, 11]
194 /HKG_002_c_0002 Aaron 2233 [11, 11, 11, 11, 11, 11, 11, 11, 11, 11]
195 /HKG_002_d_0004a Aaron 2241 [6, 6, 6, 6, 6, 6, 6, 6, 6, 6]
196 /HKG_002_d_0004a Aaron 2252 [4, 4, 4, 11, 4, 4, 5, 4, 4, 4]
197 /HKG_002_d_0004a Aaron 2263 [4, 4, 4, 4, 4, 4, 4, 4, 4, 4]
198 /HKG_002_d_0005 Aaron 2271 [5, 6, 6, 1, 6, 6, 1, 8, 6, 8]
199 /HKG_002_d_0005 Aaron 2282 [6, 7, 6, 8, 8, 6, 6, 6, 6, 1]
200 /HKG_002_d_0005 Aaron 2293 [1, 6, 6, 6, 6, 6, 1, 1, 6, 6]
201 /HKG_002_d_0006 Aaron 2301 [5, 1, 1, 1, 6, 1, 6, 6, 1, 6]
202 /HKG_002_d_0006 Aaron 2312 [6, 6, 6, 1, 6, 6, 6, 6, 5, 6]
203 /HKG_002_d_0006 Aaron 2323 [5, 6, 1, 9, 1, 6, 6, 6, 1, 8]
204 /HKG_002_d_0007a Aaron 2331 [2, 5, 5, 4, 11, 11, 11, 11, 6, 6]
205 /HKG_002_d_0007a Aaron 2342 [9, 11, 11, 3, 11, 11, 6, 9, 6, 6]
206 /HKG_002_d_0008 Aaron 2361 [4, 4, 4, 3, 0, 4, 0, 0, 3, 0]
207 /HKG_002_d_0008 Aaron 2372 [4, 4, 4, 4, 4, 4, 4, 4, 4, 4]
208 /HKG_002_d_0008 Aaron 2383 [4, 4, 4, 4, 4, 4, 4, 4, 4, 4]
209 /HKG_002_d_0014 Aaron 2391 [6, 11, 6, 11, 6, 6, 8, 11, 6, 6]
210 /HKG_002_d_0014 Aaron 2402 [6, 6, 6, 6, 6, 11, 6, 6, 6, 11]
211 /HKG_002_d_0014 Aaron 2413 [6, 6, 6, 6, 6, 6, 6, 6, 6, 6]
212 /HKG_002_d_0015 Aaron 2421 [11, 11, 0, 11, 11, 11, 11, 11, 11, 11]
213 /HKG_002_d_0015 Aaron 2432 [11, 11, 11, 11, 11, 11, 11, 11, 11, 11]
214 /HKG_002_d_0015 Aaron 2443 [11, 11, 11, 11, 11, 11, 11, 11, 11, 11]
215 /HKG_002_d_0016 Aaron 2451 [11, 5, 11, 5, 11, 5, 11, 11, 5, 5]
216 /HKG_002_d_0016 Aaron 2462 [11, 11, 11, 11, 11, 11, 11, 11, 11, 11]
217 /HKG_002_d_0016 Aaron 2473 [0, 0, 0, 0, 0, 11, 0, 0, 0, 0]
218 /HKG_002_d_0017 Aaron 2481 [6, 6, 3, 6, 4, 3, 6, 3, 6, 3]
219 /HKG_002_d_0017 Aaron 2503 [3, 11, 6, 7, 8, 11, 11, 5, 2, 3]
220 /HKG_002_d_0021 Aaron 2511 [3, 3, 3, 3, 3, 3, 3, 3, 3, 3]
221 /HKG_002_d_0021 Aaron 2522 [3, 3, 3, 3, 3, 3, 3, 3, 3, 3]
222 /HKG_002_d_0021 Aaron 2543 [3, 3, 3, 3, 3, 3, 3, 3, 3, 9]
223 /HKG_003_a_0001a Aaron 2551 [2, 6, 6, 5, 6, 6, 6, 6, 6, 6]
224 /HKG_003_a_0001a Aaron 2562 [5, 5, 6, 6, 2, 6, 6, 6, 2, 6]
225 /HKG_003_a_0001a Aaron 2573 [5, 6, 5, 2, 2, 4, 6, 6, 4, 8]
226 /HKG_003_a_0003 Aaron 2581 [3, 3, 5, 7, 3, 1, 3, 5, 7, 7]
227 /HKG_003_a_0003 Aaron 2592 [3, 1, 7, 3, 3, 1, 3, 7, 1, 1]
228 /HKG_003_a_0003 Aaron 2603 [5, 3, 3, 5, 5, 5, 5, 1, 1, 5]
229 /HKG_003_a_0009 Aaron 2611 [9, 0, 5, 8, 9, 9, 9, 9, 2, 7]
230 /HKG_003_a_0009 Aaron 2622 [5, 5, 5, 7, 5, 5, 8, 0, 5, 5]
231 /HKG_003_a_0009 Aaron 2633 [5, 2, 5, 5, 5, 5, 7, 7, 5, 5]
232 /HKG_003_b_0001a Aaron 2652 [6, 6, 8, 6, 1, 6, 6, 8, 6, 11]
233 /HKG_003_b_0001a Aaron 2663 [4, 6, 8, 6, 6, 4, 6, 6, 6, 6]
234 /HKG_003_b_0002 Aaron 2671 [8, 6, 2, 6, 2, 8, 6, 8, 1, 6]
235 /HKG_003_b_0002 Aaron 2682 [8, 6, 2, 6, 2, 8, 6, 8, 1, 6]
236 /HKG_003_b_0002 Aaron 2693 [2, 7, 2, 6, 1, 2, 7, 2, 6, 2]
237 /HKG_003_b_0003 Aaron 2701 [2, 7, 2, 6, 1, 2, 7, 2, 6, 2]
238 /HKG_003_b_0003 Aaron 2712 [7, 7, 7, 7, 6, 2, 6, 7, 7, 7]
239 /HKG_003_b_0003 Aaron 2723 [7, 6, 6, 7, 6, 6, 6, 7, 1, 7]
240 /HKG_003_b_0005 Aaron 2731 [6, 6, 7, 6, 5, 6, 6, 6, 6, 6]
241 /HKG_003_b_0005 Aaron 2753 [0, 6, 5, 6, 6, 6, 6, 6, 6, 6]
242 /HKG_003_b_0015 Aaron 2771 [6, 6, 3, 1, 1, 6, 3, 7, 1, 11]
243 /HKG_003_b_0015 Aaron 2782 [5, 1, 6, 6, 8, 1, 8, 11, 6, 6]
244 /HKG_003_c_0001 Aaron 11 [11, 11, 11, 11, 11, 11, 11, 11, 11, 11]
245 /HKG_003_c_0001 Aaron 22 [11, 11, 11, 11, 11, 11, 11, 11, 11, 11]
246 /HKG_003_c_0001 Aaron 33 [11, 11, 11, 11, 11, 11, 11, 11, 11, 11]
247 /HKG_003_d_0001 Aaron 41 [11, 11, 11, 11, 6, 11, 11, 11, 11, 11]
248 /HKG_003_d_0001 Aaron 52 [11, 11, 11, 11, 11, 11, 11, 11, 11, 11]
249 /HKG_003_d_0001 Aaron 63 [11, 11, 11, 11, 11, 11, 11, 11, 11, 11]
250 /HKG_003_d_0002 Aaron 71 [8, 8, 8, 8, 0, 0, 8, 8, 8, 8]
251 /HKG_003_d_0002 Aaron 82 [11, 11, 11, 11, 11, 11, 11, 11, 11, 11]
252 /HKG_003_d_0002 Aaron 93 [11, 11, 11, 11, 11, 11, 11, 11, 11, 11]
253 /HKG_003_d_0003 Aaron 101 [4, 4, 4, 11, 11, 4, 6, 4, 4, 4]
254 /HKG_003_d_0003 Aaron 112 [4, 11, 0, 0, 4, 0, 0, 4, 0, 4]
255 /HKG_003_d_0003 Aaron 123 [11, 11, 5, 5, 0, 11, 11, 4, 3, 0]
256 /HKG_004_a_0001a Aaron 131 [5, 5, 6, 5, 2, 6, 6, 6, 6, 6]
257 /HKG_004_a_0001a Aaron 152 [6, 6, 6, 6, 6, 6, 6, 6, 8, 6]
258 /HKG_001_a_0001 Aaron 11 [6, 6, 6, 6, 6, 6, 6, 6, 6, 6]
259 /HKG_001_a_0001 Aaron 22 [6, 6, 8, 6, 6, 6, 7, 7, 6, 6]
260 /HKG_001_a_0001 Aaron 33 [6, 6, 6, 6, 6, 6, 6, 6, 6, 6]
261 /HKG_001_a_0002 Aaron 41 [6, 6, 6, 6, 6, 6, 6, 6, 6, 6]
262 /HKG_001_a_0002 Aaron 52 [6, 8, 8, 8, 6, 6, 6, 6, 6, 6]
263 /HKG_001_a_0002 Aaron 63 [6, 8, 6, 6, 8, 8, 8, 8, 8, 8]
264 /HKG_001_a_0003 Aaron 71 [5, 5, 5, 5, 5, 5, 5, 5, 5, 5]
265 /HKG_001_a_0003 Aaron 82 [5, 5, 5, 5, 5, 5, 5, 5, 5, 5]
266 /HKG_001_a_0003 Aaron 93 [5, 5, 5, 5, 5, 5, 5, 5, 5, 5]
267 /HKG_001_a_0009 Aaron 101 [6, 6, 6, 6, 6, 6, 6, 6, 6, 6]
268 /HKG_001_a_0009 Aaron 112 [6, 6, 6, 6, 6, 6, 6, 6, 6, 6]
269 /HKG_001_a_0009 Aaron 123 [8, 6, 6, 6, 6, 6, 8, 6, 2, 6]
270 /HKG_001_a_0011 Aaron 131 [6, 3, 3, 6, 6, 6, 6, 6, 6, 6]
271 /HKG_001_a_0011 Aaron 142 [6, 7, 4, 6, 6, 6, 6, 6, 6, 6]
272 /HKG_004_a_0009 Aaron 383 [0, 5, 5, 5, 5, 0, 6, 0, 5, 5]
273 /HKG_004_a_0010 Aaron 391 [7, 2, 1, 6, 1, 0, 1, 1, 2, 3]
274 /HKG_004_a_0010 Aaron 402 [2, 7, 8, 1, 6, 6, 6, 6, 6, 6]
275 /HKG_004_a_0010 Aaron 413 [8, 6, 6, 6, 6, 1, 6, 6, 1, 6]
276 /HKG_004_a_0011 Aaron 421 [6, 8, 6, 8, 8, 6, 6, 6, 8, 8]
277 /HKG_004_a_0011 Aaron 432 [8, 8, 8, 8, 6, 5, 6, 10, 6, 8]
278 /HKG_004_a_0011 Aaron 443 [3, 6, 6, 8, 6, 8, 8, 1, 1, 10]
279 /HKG_004_a_0016 Aaron 451 [6, 6, 5, 6, 2, 8, 8, 6, 9, 8]
280 /HKG_004_a_0016 Aaron 462 [6, 2, 0, 7, 8, 5, 5, 8, 6, 7]
281 /HKG_004_a_0016 Aaron 473 [8, 8, 2, 6, 2, 6, 5, 2, 2, 2]
282 /HKG_004_a_0018a Aaron 481 [7, 6, 2, 2, 2, 4, 6, 6, 6, 2]
283 /HKG_004_a_0018a Aaron 492 [2, 6, 6, 2, 6, 6, 2, 6, 2, 5]
284 /HKG_004_a_0018a Aaron 503 [6, 6, 2, 2, 2, 8, 6, 6, 6, 5]
285 /HKG_004_a_0019 Aaron 522 [7, 6, 6, 6, 5, 7]
286 /HKG_004_a_0019 Aaron 533 [6, 6, 2, 8, 6, 6, 7, 6, 6, 5]
287 /HKG_004_a_0038 Aaron 541 [2, 6, 6, 2, 6, 6, 6, 2, 6, 1]
288 /HKG_004_a_0038 Aaron 552 [8, 2, 6, 2, 8, 8, 8, 1, 6, 8]
289 /HKG_004_a_0038 Aaron 563 [1, 2, 8, 6, 2, 8, 1, 2, 2, 8]
290 /HKG_004_b_0001 Aaron 571 [11, 11, 11, 6, 5, 7, 6, 11, 11, 5]
291 /HKG_004_b_0001 Aaron 582 [11, 11, 11, 6, 11, 9, 11, 11, 5, 9]
292 /HKG_004_b_0001 Aaron 593 [3, 7, 5, 7, 11, 11, 11, 11, 11, 5]
293 /HKG_004_b_0005 Aaron 601 [0, 5, 5, 5, 0, 0, 0, 0, 5, 6]
294 /HKG_004_b_0005 Aaron 612 [0, 0, 0, 0, 0, 5, 0, 0, 0, 0]
295 /HKG_004_b_0005 Aaron 623 [0, 0, 0, 6, 6, 5, 0, 0, 0, 5]
296 /HKG_004_b_0008 Aaron 631 [7, 4, 6, 6, 6, 6, 6, 4, 6, 2]
297 /HKG_004_b_0008 Aaron 642 [6, 4, 4, 6, 7, 1, 6, 2, 2, 7]
298 /HKG_004_b_0010 Aaron 661 [8, 2, 2, 7, 8, 4, 1, 4, 6, 5]
299 /HKG_004_b_0010 Aaron 672 [6, 6, 6, 6, 6, 6, 6, 6, 6, 6]
300 /HKG_004_b_0010 Aaron 693 [6, 6, 6, 6, 6, 6, 6, 6, 6, 6]
301 /HKG_004_b_0012 Aaron 701 [5, 0, 5, 0, 5, 5, 6, 5, 1, 6]
302 /HKG_004_b_0012 Aaron 712 [7, 0, 1, 5, 0, 0, 0, 8, 6, 1]
303 /HKG_004_b_0012 Aaron 723 [1, 8, 1, 8, 6, 5, 8, 7, 2, 6]
304 /HKG_004_c_0001a Aaron 731 [8, 8, 8, 8, 8, 8, 8, 8, 8, 8]
305 /HKG_004_c_0001a Aaron 742 [8, 8, 8, 8, 8, 8, 7, 8, 7, 8]
306 /HKG_004_c_0001a Aaron 753 [8, 8, 8, 1, 8, 7, 8, 8, 8, 8]
307 /HKG_004_c_0002 Aaron 761 [7, 5, 3, 7, 1, 6, 6, 5, 7, 5]
308 /HKG_004_c_0002 Aaron 772 [11, 1, 9, 4, 7, 5, 6, 1, 6, 1]
309 /HKG_004_c_0002 Aaron 783 [7, 5, 5, 11, 8, 11, 1, 11, 7, 7]
310 /HKG_004_d_0001 Aaron 791 [5, 0, 0, 0, 5, 0, 11, 0, 5, 5]
311 /HKG_004_d_0001 Aaron 813 [5, 9, 9, 9, 0, 9, 5, 5, 9, 9]
312 /HKG_004_d_0002 Aaron 821 [11, 11, 6, 8, 11, 11, 11, 11, 6, 11]
313 /HKG_004_d_0002 Aaron 832 [11, 11, 11, 11, 11, 6, 6, 6, 11, 11]
314 /HKG_004_d_0002 Aaron 843 [11, 11, 11, 6, 11, 11, 11, 6, 11, 11]
315 /HKG_004_d_0003 Aaron 851 [0, 5, 5, 5, 3, 5, 5, 5, 9, 0]
316 /HKG_004_d_0003 Aaron 862 [0, 5, 5, 5, 3, 5, 5, 5, 9, 0]
317 /HKG_004_d_0003 Aaron 873 [5, 10, 5, 5, 5, 5, 5, 5, 5, 5]
318 /HKG_004_d_0004 Aaron 881 [5, 10, 5, 5, 5, 5, 5, 5, 5, 5]
319 /HKG_004_d_0004 Aaron 892 [4, 7, 4, 6, 7, 6, 6, 6, 6, 6]
320 /HKG_004_d_0004 Aaron 903 [7, 7, 6, 7, 7, 6, 7, 7, 7, 7]
321 /HKG_004_d_0005 Aaron 911 [8, 7, 6, 7, 5, 11, 5, 8, 8, 8]
322 /HKG_004_d_0005 Aaron 922 [8, 1, 8, 11, 11, 8, 8, 1, 6, 5]
323 /HKG_004_d_0005 Aaron 933 [5, 8, 8, 3, 8, 8, 1, 8, 5, 5]
324 /HKG_004_d_0006a Aaron 952 [5, 0, 0, 0, 0, 0, 0, 0, 0, 0]
325 /HKG_004_d_0006a Aaron 963 [11, 11, 0, 5, 0, 5, 0, 0, 0, 0]
326 /HKG_004_d_0007 Aaron 971 [9, 9, 9, 9, 9, 9, 9, 9, 9, 8]
327 /HKG_004_d_0007 Aaron 982 [9, 9, 9, 9, 9, 9, 9, 9, 9, 6]
328 /HKG_004_d_0007 Aaron 993 [6, 9, 6, 6, 6, 9, 6, 9, 9, 9]
329 /HKG_004_d_0008 Aaron 1001 [8, 8, 8, 8, 8, 8, 8, 8, 8, 8]
330 /HKG_004_d_0008 Aaron 1012 [8, 8, 8, 8, 8, 8, 8, 8, 8, 8]
331 /HKG_004_d_0008 Aaron 1023 [8, 8, 8, 8, 8, 8, 8, 8, 1, 8]
332 /HKG_005_a_0001 Aaron 1031 [5, 5, 6, 6, 5, 6, 6, 6, 6, 5]
333 /HKG_005_a_0001 Aaron 1042 [5, 5, 5, 5, 5, 6, 6, 5, 5, 5]
334 /HKG_005_a_0001 Aaron 1063 [5, 5, 6, 5, 6, 6, 5, 6, 5, 6]
335 /HKG_005_a_0002a Aaron 1071 [6, 6, 6, 6, 6, 6, 5, 6, 6, 6]
336 /HKG_005_a_0002a Aaron 1082 [2, 6, 6, 6, 6, 6, 6, 6, 6, 6]
337 /HKG_005_a_0003 Aaron 1101 [6, 1, 1, 7, 7, 1, 1, 10, 7, 6]
338 /HKG_005_a_0003 Aaron 1112 [5, 6, 5, 5, 6, 6, 5, 5, 6, 6]
339 /HKG_005_a_0003 Aaron 1123 [2, 2, 2, 2, 2, 8, 8, 8, 8, 1]
340 /HKG_005_a_0006 Aaron 1131 [5, 6, 6, 6, 6, 5, 6, 7, 9, 5]
341 /HKG_005_a_0006 Aaron 1142 [5, 5, 5, 0, 1, 5, 8, 2, 2, 2]
342 /HKG_005_a_0006 Aaron 1163 [6, 6, 6, 5, 6, 3, 7, 6, 6, 7]
343 /HKG_005_a_0008 Aaron 1171 [0, 7, 4, 4, 4, 7, 9, 7, 4, 7]
344 /HKG_005_a_0008 Aaron 1182 [4, 7, 0, 0, 6, 4, 5, 5, 4, 4]
345 /HKG_005_a_0008 Aaron 1193 [3, 6, 5, 4, 7, 4, 0, 3, 4, 4]
346 /HKG_005_a_0010a Aaron 1201 [6, 6, 6, 6, 6, 6, 6, 6, 7, 6]
347 /HKG_005_a_0010a Aaron 1212 [6, 6, 6, 6, 6, 6, 6, 6, 6, 6]
348 /HKG_005_a_0010a Aaron 1223 [6, 6, 6, 6, 6, 6, 6, 6, 6, 6]
349 /HKG_005_a_0011 Aaron 1231 [6, 6, 4, 5, 6, 4, 6, 6, 6, 7]
350 /HKG_005_a_0011 Aaron 1253 [6, 2, 7, 5, 2, 2, 6, 6, 5, 2]
351 /HKG_005_a_0012 Aaron 1261 [0, 2, 2, 3, 7, 2, 2, 1, 4, 4]
352 /HKG_005_a_0012 Aaron 1272 [5, 2, 6, 2, 1, 2, 2, 2, 2, 1]
353 /HKG_005_a_0012 Aaron 1283 [1, 2, 4, 1, 4, 6, 4, 1, 1, 1]
354 /HKG_005_a_0013 Aaron 1291 [1, 1, 1, 1, 1, 1, 1, 6, 2, 2]
355 /HKG_005_a_0013 Aaron 1302 [1, 1, 5, 1, 1, 1, 1, 1, 6, 1]
356 /HKG_005_a_0013 Aaron 1313 [1, 1, 1, 2, 1, 1, 1, 1, 1, 1]
357 /HKG_005_a_0014 Aaron 1321 [1, 1, 2, 2, 1, 1, 1, 1, 2, 1]
358 /HKG_005_a_0014 Aaron 1332 [1, 5, 5, 1, 1, 1, 2, 1, 5, 1]
359 /HKG_005_a_0014 Aaron 1343 [1, 1, 1, 1, 1, 1, 2, 1, 1, 1]
360 /HKG_005_a_0015 Aaron 1351 [5, 0, 5, 6, 6, 2, 6, 6, 6, 6]
361 /HKG_005_a_0015 Aaron 1362 [6, 6, 6, 6, 6, 6, 6, 6, 6, 5]
362 /HKG_005_a_0015 Aaron 1383 [1, 2, 5, 5, 6, 6, 6, 7, 7, 5]
363 /HKG_005_a_0016 Aaron 1402 [8, 1, 8, 6, 4, 1, 1, 1, 6, 1]
364 /HKG_005_a_0016 Aaron 1413 [6, 8, 2, 1, 1, 1, 2, 2, 6, 1]
365 /HKG_005_a_0017 Aaron 1431 [6, 0, 8, 6, 6, 8, 5, 5, 5, 5]
366 /HKG_005_a_0017 Aaron 1453 [6, 5, 5, 5, 5, 6, 5, 5, 6, 6]
367 /HKG_005_a_0021 Aaron 1461 [6, 5, 5, 5, 6, 5, 5, 5, 6, 6]
368 /HKG_005_a_0021 Aaron 1472 [8, 1, 5, 1, 1, 5, 8, 6, 8, 2]
369 /HKG_005_a_0021 Aaron 1483 [8, 1, 5, 1, 1, 8, 6, 5, 5, 1]
370 /HKG_005_a_0022 Aaron 1491 [1, 5, 6, 8, 2, 1, 2, 2, 2, 2]
371 /HKG_005_a_0022 Aaron 1502 [7, 6, 2, 2, 8, 8, 1, 8, 2, 1]
372 /HKG_005_a_0022 Aaron 1513 [8, 6, 1, 2, 6, 1, 2, 8, 1, 2]
373 /HKG_005_a_0024 Aaron 1521 [6, 6, 7, 4, 5, 6, 6, 6, 6, 5]
374 /HKG_005_a_0024 Aaron 1532 [5, 5, 0, 4, 5, 4, 5, 5, 6, 5]
375 /HKG_005_a_0031 Aaron 1551 [2, 5, 5, 7, 8, 4, 6, 5, 5, 4]
376 /HKG_005_a_0031 Aaron 1562 [5, 6, 6, 5, 5, 5, 0, 5, 0, 5]
377 /HKG_005_a_0031 Aaron 1573 [5, 5, 0, 5, 6, 0, 5, 6, 6, 6]
378 /HKG_005_a_0032 Aaron 1581 [6, 6, 6, 6, 7, 5, 1, 8, 6, 7]
379 /HKG_005_a_0032 Aaron 1592 [6, 6, 1, 6, 6, 6, 1, 8, 6, 6]
380 /HKG_005_a_0032 Aaron 1603 [6, 1, 6, 6, 6, 6, 5, 6, 6, 6]
381 /HKG_005_a_0034 Aaron 1621 [2, 6, 1, 5, 2, 8, 5, 5, 5, 5]
382 /HKG_005_a_0034 Aaron 1632 [2, 6, 6, 2, 2, 6, 6, 6, 2, 2]
383 /HKG_005_a_0034 Aaron 1643 [2, 4, 2, 6, 1, 2, 2, 1, 10, 2]
384 /HKG_005_b_0002 Aaron 1651 [6, 7, 4, 6, 6, 6, 6, 6, 6, 6]
385 /HKG_005_b_0002 Aaron 1662 [6, 6, 6, 6, 6, 6, 6, 4, 6, 6]
386 /HKG_005_b_0002 Aaron 1673 [6, 4, 0, 2, 6, 6, 6, 0, 6, 6]
387 /HKG_005_b_0004a Aaron 1681 [5, 5, 5, 6, 6, 5, 5, 5, 5, 5]
388 /HKG_005_b_0004a Aaron 1703 [5, 5, 6, 5, 5, 5, 6, 6, 5, 1]
389 /HKG_005_b_0007a Aaron 1711 [6, 6, 4, 6, 6, 6, 6, 6, 5, 6]
390 /HKG_005_b_0007a Aaron 1722 [6, 5, 8, 6, 6, 6, 6, 6, 6, 6]
391 /HKG_005_b_0007a Aaron 1733 [6, 6, 1, 6, 6, 6, 6, 6, 6, 6]
392 /HKG_005_b_0016 Aaron 1741 [1, 1, 6, 5, 1, 5, 5, 7, 5, 1]
393 /HKG_005_b_0016 Aaron 1752 [5, 5, 5, 7, 4, 6, 5, 5, 6, 6]
394 /HKG_005_b_0016 Aaron 1763 [0, 6, 6, 5, 5, 6, 5, 0, 6, 6]
395 /HKG_005_b_0017 Aaron 1771 [8, 6, 6, 5, 7, 6, 6, 6, 8, 8]
396 /HKG_005_b_0017 Aaron 1782 [8, 6, 8, 8, 8, 5, 6, 6, 8, 8]
397 /HKG_005_b_0017 Aaron 1793 [6, 5, 6, 9, 4, 5, 4, 6, 5, 8]
398 /HKG_005_b_0019 Aaron 1801 [6, 6, 6, 6, 6, 6, 6, 6, 6, 6]
399 /HKG_005_b_0019 Aaron 1812 [6, 7, 6, 6, 6, 6, 6, 6, 6, 6]
400 /HKG_005_b_0019 Aaron 1823 [4, 6, 4, 4, 6, 6, 8, 3, 6, 6]
401 /HKG_005_c_0001 Aaron 1842 [1, 4, 6, 4, 8, 6, 2, 2, 4, 4]
402 /HKG_005_c_0001 Aaron 1853 [1, 1, 2, 6, 1, 8, 6, 6, 6, 8]
403 /HKG_005_c_0003 Aaron 1861 [6, 6, 6, 6, 6, 5, 6, 6, 6, 6]
404 /HKG_005_c_0003 Aaron 1872 [6, 6, 6, 5, 6, 6, 6, 6, 5, 6]
405 /HKG_005_c_0003 Aaron 1883 [6, 6, 6, 6, 6, 5, 6, 4, 5, 6]
406 /HKG_005_d_0001 Aaron 1891 [6, 8, 1, 6, 6, 8, 6, 6, 1, 1]
407 /HKG_005_d_0001 Aaron 1902 [8, 6, 1, 3, 8, 6, 2, 1, 1, 6]
408 /HKG_005_d_0001 Aaron 1913 [8, 1, 6, 6, 8, 8, 6, 6, 2, 1]
409 /HKG_005_d_0002 Aaron 1921 [8, 8, 6, 6, 4, 6, 3, 6, 8, 2]
410 /HKG_005_d_0002 Aaron 1932 [8, 2, 6, 2, 8, 8, 6, 8, 1, 2]
411 /HKG_005_d_0002 Aaron 1943 [1, 8, 6, 8, 6, 8, 6, 6, 6, 6]
412 /HKG_005_d_0003 Aaron 1951 [6, 4, 6, 6, 6, 11, 11, 4, 4, 4]
413 /HKG_005_d_0003 Aaron 1962 [4, 11, 4, 11, 11, 6, 6, 11, 5, 4]
414 /HKG_005_d_0004 Aaron 1981 [6, 6, 6, 6, 6, 6, 6, 6, 6, 6]
415 /HKG_005_d_0004 Aaron 1992 [6, 6, 6, 6, 8, 8, 6, 6, 11, 2]
416 /HKG_005_d_0004 Aaron 2003 [8, 6, 6, 6, 6, 8, 6, 6, 6, 6]
417 /HKG_005_d_0005 Aaron 2011 [6, 6, 6, 6, 6, 6, 6, 6, 6, 6]
418 /HKG_005_d_0005 Aaron 2022 [6, 6, 6, 6, 6, 6, 6, 6, 6, 6]
419 /HKG_005_d_0005 Aaron 2033 [6, 6, 6, 6, 6, 6, 2, 6, 6, 6]
420 /HKG_005_d_0008 Aaron 2051 [6, 6, 6, 7, 6, 7, 6, 6, 6, 6]
421 /HKG_005_d_0008 Aaron 2062 [6, 2, 6, 6, 7, 6, 8, 6, 6, 2]
422 /HKG_005_d_0008 Aaron 2073 [6, 2, 6, 6, 6, 2, 6, 2, 6, 2]
423 /HKG_005_d_0009 Aaron 2081 [3, 3, 3, 3, 3, 3, 3, 3, 3, 3]
424 /HKG_005_d_0009 Aaron 2092 [3, 3, 3, 3, 3, 3, 3, 3, 3, 3]
425 /HKG_005_d_0009 Aaron 2103 [3, 3, 3, 3, 3, 3, 3, 3, 3, 3]
426 /HKG_005_d_0011 Aaron 2111 [1, 1, 1, 1, 1, 1, 6, 6, 1, 1]
427 /HKG_005_d_0011 Aaron 2143 [6, 7, 6, 6, 6, 6, 6, 6, 6, 6]
428 /HKG_005_d_0012a Aaron 2151 [2, 2, 2, 2, 2, 2, 8, 8, 2, 6]
429 /HKG_005_d_0012a Aaron 2162 [8, 2, 2, 6, 2, 2, 10, 2, 2, 2]
430 /HKG_005_d_0012a Aaron 2173 [2, 8, 10, 2, 2, 2, 2, 2, 2, 6]
431 /HKG_006_a_0001 Aaron 2191 [2, 7, 5, 7, 5, 8, 5, 5, 7, 5]
432 /HKG_006_a_0001 Aaron 2202 [8, 8, 8, 5, 5, 10, 2, 5, 8, 7]
433 /HKG_006_a_0001 Aaron 2213 [6, 7, 8, 6, 8, 8, 5, 8, 8, 6]
434 /HKG_006_a_0002a Aaron 2221 [1, 7, 2, 1, 3, 7, 5, 3, 5, 3]
435 /HKG_006_a_0002a Aaron 2232 [8, 7, 6, 7, 1, 7, 8, 2, 7, 1]
436 /HKG_006_a_0002a Aaron 2243 [7, 1, 2, 6, 6, 6, 6, 7, 6, 1]
437 /HKG_006_a_0005 Aaron 2261 [8, 1, 3, 6, 6, 6, 1, 6, 6, 6]
438 /HKG_006_a_0005 Aaron 2272 [6, 6, 6, 6, 6, 7, 6, 2, 2, 2]
439 /HKG_006_a_0005 Aaron 2283 [6, 6, 3, 5, 6, 6, 3, 7, 6, 6]
440 /HKG_001_a_0011 Aaron 153 [6, 5, 6, 6, 6, 6, 6, 6, 6, 4]
441 /HKG_001_a_0022a Aaron 292 [6, 1, 3, 3, 1, 2, 7, 6, 6, 2]
442 /HKG_001_b_0001a Aaron 431 [6, 6, 6, 6, 7, 6, 6, 6, 6, 6]
443 /HKG_001_b_0008a Aaron 583 [6, 6, 6, 6, 2, 4, 6, 6, 4, 6]
444 /HKG_001_b_0026a Aaron 742 [8, 1, 1, 6, 6, 7, 1, 6, 6, 6]
445 /HKG_001_b_0039 Aaron 891 [5, 6, 6, 5, 5, 6, 6, 6, 6, 6]
446 /HKG_001_c_0007 Aaron 1033 [6, 6, 6, 6, 6, 6, 6, 6, 6, 6]
447 /HKG_001_d_0011 Aaron 1182 [11, 11, 5, 11, 11, 1, 11, 11, 5, 5]
448 /HKG_001_d_0027 Aaron 1331 [6, 11, 11, 6, 6, 11, 6, 6, 11, 11]
449 /HKG_002_a_0011 Aaron 1473 [8, 5, 5, 5, 5, 1, 5, 7, 5, 5]
450 /HKG_002_a_0017 Aaron 1622 [6, 6, 4, 7, 6, 6, 6, 6, 6, 6]
451 /HKG_002_a_0046 Aaron 1781 [5, 5, 5, 5, 10, 5, 5, 5, 5, 5]
452 /HKG_002_b_0005 Aaron 1923 [4, 6, 3, 6, 6, 6, 6, 8, 3, 4]
453 /HKG_002_b_0012 Aaron 2072 [6, 6, 3, 4, 6, 1, 6, 3, 6, 4]
454 /HKG_002_c_0002 Aaron 2211 [11, 11, 11, 11, 11, 11, 11, 11, 11, 11]
455 /HKG_002_d_0007a Aaron 2353 [9, 11, 6, 11, 11, 9, 3, 11, 6, 3]
456 /HKG_002_d_0017 Aaron 2492 [3, 4, 11, 4, 11, 4, 11, 4, 4, 4]
457 /HKG_003_b_0001a Aaron 2641 [6, 8, 6, 8, 8, 8, 8, 8, 0, 8]
458 /HKG_003_b_0015 Aaron 2803 [1, 11, 5, 3, 7, 2, 1, 5, 5, 1]
459 /HKG_004_a_0001a Aaron 163 [6, 6, 6, 6, 6, 6, 6, 6, 6, 6]
460 /HKG_004_a_0005a Aaron 242 [6, 6, 6, 6, 5, 6, 8, 6, 5, 6]
461 /HKG_006_a_0009 Aaron 2302 [6, 6, 6, 8, 6, 6, 1, 10, 7, 7]
462 /HKG_006_a_0009 Aaron 2313 [6, 1, 6, 5, 6, 6, 6, 6, 2, 6]
463 /HKG_006_b_0001 Aaron 2331 [9, 2, 7, 0, 6, 6, 6, 6, 3, 5]
464 /HKG_006_b_0001 Aaron 2342 [0, 6, 7, 6, 6, 7, 6, 5, 7, 6]
465 /HKG_006_b_0001 Aaron 2353 [6, 4, 3, 0, 5, 0, 5, 6, 6, 4]
466 /HKG_006_d_0001 Aaron 2361 [4, 5, 5, 4, 4, 4, 4, 6, 0, 0]
467 /HKG_006_d_0001 Aaron 2372 [5, 6, 4, 11, 4, 2, 6, 4, 6, 6]
468 /HKG_006_d_0001 Aaron 2383 [11, 0, 4, 4, 6, 11, 6, 4, 4, 11]
469 /HKG_007_a_0002 Aaron 2391 [0, 0, 0, 5, 0, 0, 0, 0, 5, 0]
470 /HKG_007_a_0002 Aaron 2402 [6, 8, 6, 6, 0, 0, 0, 0, 0, 9]
471 /HKG_007_a_0002 Aaron 2413 [9, 0, 0, 0, 8, 0, 0, 8, 0, 0]
472 /HKG_007_a_0003 Aaron 2421 [5, 0, 0, 0, 0, 0, 0, 0, 2, 0]
473 /HKG_007_a_0003 Aaron 2432 [0, 0, 0, 0, 0, 0, 0, 0, 0, 0]
474 /HKG_007_a_0004 Aaron 2451 [10, 6, 4, 6, 6, 6, 0, 6, 8, 6]
475 /HKG_007_a_0004 Aaron 2462 [0, 6, 6, 6, 6, 6, 6, 6, 4, 6]
476 /HKG_007_a_0004 Aaron 2473 [0, 6, 6, 5, 6, 6, 6, 6, 6, 6]
477 /HKG_007_a_0005 Aaron 2481 [0, 0, 0, 0, 0, 4, 6, 0, 0, 0]
478 /HKG_007_a_0005 Aaron 2492 [0, 9, 0, 6, 4, 0, 5, 0, 4, 0]
479 /HKG_007_a_0005 Aaron 2503 [0, 6, 5, 0, 4, 5, 6, 0, 6, 6]
480 /HKG_007_a_0007 Aaron 2511 [4, 6, 6, 6, 6, 0, 5, 6, 0, 4]
481 /HKG_007_a_0007 Aaron 2522 [7, 8, 6, 6, 6, 7, 6, 7, 3, 0]
482 /HKG_007_a_0007 Aaron 2533 [8, 6, 6, 6, 4, 0, 6, 6, 0, 9]
483 /HKG_007_a_0008a Aaron 2541 [6, 6, 5, 6, 8, 6, 6, 6, 5, 6]
484 /HKG_007_a_0008a Aaron 2552 [6, 6, 6, 6, 6, 6, 6, 6, 6, 6]
485 /HKG_007_a_0008a Aaron 2563 [5, 6, 6, 6, 6, 6, 6, 6, 6, 6]
486 /HKG_007_a_0011a Aaron 2571 [0, 5, 5, 5, 5, 6, 6, 0, 5, 0]
487 /HKG_007_a_0011a Aaron 2593 [6, 5, 6, 6, 0, 5, 5, 8, 6, 6]
488 /HKG_007_a_0012 Aaron 2601 [7, 6, 8, 8, 8, 6, 8, 8, 6, 6]
489 /HKG_007_a_0012 Aaron 2612 [6, 8, 5, 8, 8, 5, 6, 8, 5, 6]
490 /HKG_007_a_0012 Aaron 2623 [8, 6, 6, 1, 6, 8, 8, 8, 8, 8]
491 /HKG_007_a_0014 Aaron 2631 [4, 4, 4, 3, 6, 6, 8, 4, 4, 6]
492 /HKG_007_a_0014 Aaron 2642 [4, 4, 4, 8, 4, 4, 8, 4, 4, 4]
493 /HKG_007_a_0014 Aaron 2653 [4, 4, 6, 6, 4, 4, 4, 4, 8, 4]
494 /HKG_007_a_0015 Aaron 2661 [6, 6, 7, 5, 5, 5, 6, 6, 5, 6]
495 /HKG_007_a_0015 Aaron 2672 [6, 6, 4, 6, 6, 6, 6, 6, 6, 6]
496 /HKG_007_a_0015 Aaron 2683 [6, 6, 6, 6, 6, 5, 5, 5, 6, 5]
497 /HKG_007_a_0018a Aaron 2691 [6, 8, 1, 6, 8, 6, 5, 1, 11, 11]
498 /HKG_007_a_0018a Aaron 2702 [6, 11, 6, 6, 8, 6, 6, 11, 1, 6]
499 /HKG_007_a_0018a Aaron 2713 [11, 1, 8, 8, 8, 8, 5, 6, 5, 1]
500 /HKG_007_a_0018b Aaron 2732 [1, 6, 8, 1, 6, 8, 6, 6, 8, 1]
501 /HKG_007_a_0018b Aaron 2743 [6, 6, 8, 1, 6, 5, 1, 5, 1, 8]
502 /HKG_007_a_0020 Aaron 11 [2, 4, 6, 2, 6, 6, 4, 2, 2, 6]
503 /HKG_007_a_0020 Aaron 22 [2, 4, 6, 2, 6, 6, 4, 2, 2, 6]
504 /HKG_007_a_0020 Aaron 33 [7, 6, 6, 6, 6, 6, 6, 6, 6, 6]
505 /HKG_007_a_0021 Aaron 41 [7, 6, 6, 6, 6, 6, 6, 6, 6, 6]
506 /HKG_007_a_0021 Aaron 52 [0, 5, 5, 0, 2, 5, 5, 5, 0, 5]
507 /HKG_007_a_0021 Aaron 63 [0, 5, 5, 0, 2, 5, 5, 5, 0, 5]
508 /HKG_007_a_0022a Aaron 71 [0, 0, 0, 0, 0, 0, 0, 0, 0, 0]
509 /HKG_007_a_0022a Aaron 82 [0, 0, 0, 0, 0, 0, 0, 0, 0, 0]
510 /HKG_007_a_0022a Aaron 93 [0, 0, 0, 0, 0, 0, 0, 0, 0, 0]
511 /HKG_007_a_0025a Aaron 101 [0, 0, 0, 0, 0, 0, 0, 0, 0, 0]
512 /HKG_007_a_0025a Aaron 112 [1, 1, 9, 5, 2, 5, 5, 1, 5, 9]
513 /HKG_007_a_0025a Aaron 123 [1, 1, 9, 5, 2, 5, 5, 1, 5, 9]
514 /HKG_007_a_0027a Aaron 142 [0, 0, 0, 0, 0, 4, 0, 6, 6, 4]
515 /HKG_007_a_0027a Aaron 153 [6, 0, 7, 2, 5, 0, 0, 7, 0, 9]
516 /HKG_007_a_0030 Aaron 161 [6, 0, 7, 2, 5, 0, 0, 7, 0, 9]
517 /HKG_007_a_0030 Aaron 172 [1, 1, 1, 1, 1, 1, 1, 1, 1, 1]
518 /HKG_007_a_0030 Aaron 193 [1, 1, 1, 1, 1, 1, 1, 1, 1, 1]
519 /HKG_007_a_0031 Aaron 201 [10, 5, 0, 0, 0, 0, 0, 0, 0, 0]
520 /HKG_007_a_0031 Aaron 212 [10, 5, 0, 0, 0, 0, 0, 0, 0, 0]
521 /HKG_007_a_0031 Aaron 223 [5, 5, 0, 0, 0, 5, 2, 0, 0, 0]
522 /HKG_007_a_0040 Aaron 231 [5, 0, 5, 0, 0, 2, 0, 5, 0, 0]
523 /HKG_007_a_0040 Aaron 242 [8, 0, 0, 6, 6, 0, 5, 0, 5, 0]
524 /HKG_007_a_0040 Aaron 253 [8, 0, 0, 6, 6, 0, 5, 0, 5, 0]
525 /HKG_007_a_0048 Aaron 261 [6, 6, 2, 2, 2, 7, 6, 2, 2, 2]
526 /HKG_007_a_0048 Aaron 282 [2, 2, 7, 2, 5, 2, 6, 2, 2, 8]
527 /HKG_007_a_0049 Aaron 301 [6, 6, 6, 6, 6, 6, 6, 2, 6, 5]
528 /HKG_007_a_0049 Aaron 312 [3, 8, 8, 6, 3, 6, 7, 6, 5, 3]
529 /HKG_007_a_0049 Aaron 323 [3, 8, 8, 6, 3, 6, 7, 6, 5, 3]
530 /HKG_007_a_0052 Aaron 331 [6, 6, 6, 6, 5, 5, 5, 5, 5, 7]
531 /HKG_007_a_0052 Aaron 342 [6, 6, 6, 6, 5, 5, 5, 5, 5, 7]
532 /HKG_007_a_0052 Aaron 353 [5, 7, 5, 5, 5, 1, 5, 5, 5, 5]
533 /HKG_007_a_0053 Aaron 361 [5, 7, 5, 5, 5, 1, 5, 5, 5, 5]
534 /HKG_007_a_0053 Aaron 372 [1, 5, 6, 1, 5, 3, 3, 3, 3, 6]
535 /HKG_007_a_0053 Aaron 383 [1, 5, 6, 1, 5, 3, 3, 3, 3, 6]
536 /HKG_007_a_0054 Aaron 391 [5, 5, 5, 3, 3, 5, 5, 3, 3, 3]
537 /HKG_007_a_0054 Aaron 402 [5, 5, 5, 3, 3, 5, 5, 3, 3, 3]
538 /HKG_007_a_0054 Aaron 423 [5, 1, 3, 5, 3, 6, 1, 5, 7, 5]
539 /HKG_007_a_0056 Aaron 431 [5, 1, 3, 5, 3, 6, 1, 5, 7, 5]
540 /HKG_007_a_0056 Aaron 453 [5, 5, 5, 5, 6, 3, 6, 7, 5, 3]
541 /HKG_007_a_0057a Aaron 461 [4, 5, 0, 0, 0, 0, 4, 0, 0, 0]
542 /HKG_007_a_0057a Aaron 472 [4, 5, 0, 0, 0, 0, 4, 0, 0, 0]
543 /HKG_007_a_0057a Aaron 483 [0, 0, 0, 0, 3, 5, 0, 0, 0, 0]
544 /HKG_007_a_0058a Aaron 491 [0, 0, 0, 0, 3, 5, 0, 0, 0, 0]
545 /HKG_007_a_0058a Aaron 502 [8, 6, 6, 6, 6, 8, 0, 0, 0, 1]
546 /HKG_007_a_0058a Aaron 513 [8, 6, 6, 6, 6, 8, 0, 0, 0, 1]
547 /HKG_007_a_0062 Aaron 521 [0, 5, 0, 5, 5, 5, 4, 5, 0, 0]
548 /HKG_007_a_0062 Aaron 532 [0, 5, 0, 5, 5, 5, 4, 5, 0, 0]
549 /HKG_007_a_0062 Aaron 543 [6, 7, 5, 8, 5, 5, 5, 0, 5, 5]
550 /HKG_007_a_0064 Aaron 551 [6, 7, 5, 8, 5, 5, 5, 0, 5, 5]
551 /HKG_007_a_0064 Aaron 562 [6, 6, 6, 8, 6, 1, 6, 6, 6, 6]
552 /HKG_007_a_0064 Aaron 573 [6, 6, 6, 8, 6, 1, 6, 6, 6, 6]
553 /HKG_007_a_0065 Aaron 602 [1, 6, 6, 6, 6, 5, 6, 9, 8, 8]
554 /HKG_007_a_0065 Aaron 613 [8, 6, 8, 6, 3, 6, 3, 2, 3, 4]
555 /HKG_007_a_0070 Aaron 621 [8, 6, 8, 6, 3, 6, 3, 2, 3, 4]
556 /HKG_007_a_0070 Aaron 632 [6, 5, 6, 4, 6, 6, 2, 0, 0, 4]
557 /HKG_007_a_0070 Aaron 643 [6, 5, 6, 4, 6, 6, 2, 0, 0, 4]
558 /HKG_007_a_0077a Aaron 651 [1, 2, 3, 7, 2, 2, 7, 1, 2, 7]
559 /HKG_007_a_0077a Aaron 662 [1, 2, 3, 7, 2, 2, 7, 1, 2, 7]
560 /HKG_007_a_0077a Aaron 673 [7, 2, 5, 5, 2, 6, 5, 1, 6, 9]
561 /HKG_007_a_0082 Aaron 681 [7, 2, 5, 5, 2, 6, 5, 1, 6, 9]
562 /HKG_007_a_0082 Aaron 702 [7, 2, 1, 6, 3, 6, 3, 9, 5, 6]
563 /HKG_007_a_0082 Aaron 713 [7, 2, 1, 6, 3, 6, 3, 9, 5, 6]
564 /HKG_007_a_0083 Aaron 721 [0, 5, 5, 5, 5, 0, 0, 0, 0, 0]
565 /HKG_007_a_0083 Aaron 742 [0, 5, 5, 5, 5, 0, 0, 0, 0, 0]
566 /HKG_007_a_0085 Aaron 761 [5, 0, 0, 0, 8, 0, 6, 0, 5, 5]
567 /HKG_007_a_0085 Aaron 772 [6, 6, 6, 4, 5, 0, 4, 6, 5, 5]
568 /HKG_007_a_0085 Aaron 783 [6, 6, 6, 4, 5, 0, 4, 6, 5, 5]
569 /HKG_007_a_0086a Aaron 791 [5, 6, 6, 6, 6, 5, 4, 0, 5, 3]
570 /HKG_007_a_0086a Aaron 802 [5, 6, 6, 6, 6, 5, 4, 0, 5, 3]
571 /HKG_007_a_0086a Aaron 813 [5, 6, 6, 5, 0, 5, 7, 5, 5, 6]
572 /HKG_007_a_0090 Aaron 821 [5, 6, 6, 5, 0, 5, 7, 5, 5, 6]
573 /HKG_007_a_0090 Aaron 832 [6, 6, 6, 5, 6, 6, 6, 6, 6, 6]
574 /HKG_007_a_0090 Aaron 853 [6, 6, 6, 5, 6, 6, 6, 6, 6, 6]
575 /HKG_007_a_0095 Aaron 861 [3, 5, 6, 8, 1, 5, 2, 1, 5, 1]
576 /HKG_007_a_0095 Aaron 872 [3, 5, 6, 8, 1, 5, 2, 1, 5, 1]
577 /HKG_007_a_0095 Aaron 883 [7, 5, 6, 6, 6, 0, 4, 7, 1, 5]
578 /HKG_007_a_0101a Aaron 891 [7, 5, 6, 6, 6, 0, 4, 7, 1, 5]
579 /HKG_007_a_0101a Aaron 913 [6, 5, 6, 6, 6, 5, 6, 6, 6, 6]
580 /HKG_007_a_0102 Aaron 921 [5, 0, 5, 5, 5, 0, 0, 6, 5, 5]
581 /HKG_007_a_0102 Aaron 932 [5, 0, 5, 5, 5, 0, 0, 6, 5, 5]
582 /HKG_007_a_0102 Aaron 943 [0, 1, 1, 11, 11, 5, 5, 0, 5, 5]
583 /HKG_007_a_0162 Aaron 951 [0, 1, 1, 11, 11, 5, 5, 0, 5, 5]
584 /HKG_007_a_0162 Aaron 962 [0, 6, 8, 0, 11, 7, 0, 8, 11, 0]
585 /HKG_007_a_0162 Aaron 973 [0, 6, 8, 0, 11, 7, 0, 8, 11, 0]
586 /HKG_007_a_0163 Aaron 1003 [6, 6, 7, 6, 4, 6, 5, 6, 8, 6]
587 /HKG_007_a_0163 Aaron 981 [8, 6, 6, 6, 8, 6, 8, 6, 6, 6]
588 /HKG_007_a_0163 Aaron 992 [8, 6, 6, 6, 8, 6, 8, 6, 6, 6]
589 /HKG_007_a_0168 Aaron 1011 [6, 6, 7, 6, 4, 6, 5, 6, 8, 6]
590 /HKG_007_a_0168 Aaron 1022 [4, 6, 8, 6, 4, 3, 6, 6, 6, 6]
591 /HKG_007_a_0168 Aaron 1033 [4, 6, 8, 6, 4, 3, 6, 7, 6, 6]
592 /HKG_007_a_0169 Aaron 1052 [6, 6, 6, 6, 5, 0, 0, 2, 5, 5]
593 /HKG_007_a_0169 Aaron 1063 [6, 7, 0, 4, 2, 6, 0, 0, 0, 0]
594 /HKG_007_a_0170 Aaron 1071 [6, 7, 0, 4, 2, 6, 0, 0, 0, 0]
595 /HKG_007_a_0170 Aaron 1082 [6, 6, 6, 4, 5, 6, 6, 6, 6, 6]
596 /HKG_007_a_0170 Aaron 1093 [5, 6, 6, 2, 8, 2, 5, 5, 6, 6]
597 /HKG_007_a_0173 Aaron 1101 [0, 4, 0, 2, 2, 0, 0, 2, 2, 0]
598 /HKG_007_a_0173 Aaron 1112 [2, 2, 2, 2, 2, 2, 8, 2, 2, 2]
599 /HKG_007_a_0173 Aaron 1123 [8, 2, 0, 2, 0, 0, 2, 2, 2, 2]
600 /HKG_007_a_0176 Aaron 1131 [2, 6, 5, 7, 2, 7, 7, 2, 2, 2]
601 /HKG_007_a_0176 Aaron 1142 [2, 1, 1, 1, 7, 5, 1, 1, 7, 7]
602 /HKG_007_a_0176 Aaron 1153 [5, 1, 1, 2, 1, 2, 1, 1, 1, 2]
603 /HKG_007_a_0177 Aaron 1161 [1, 1, 1, 1, 1, 1, 1, 1, 1, 1]
604 /HKG_007_a_0177 Aaron 1172 [1, 1, 1, 1, 1, 1, 1, 1, 6, 1]
605 /HKG_007_a_0177 Aaron 1183 [1, 1, 1, 1, 1, 1, 1, 1, 1, 1]
606 /HKG_007_a_0178 Aaron 1191 [6, 5, 5, 5, 0, 6, 6, 6, 7, 4]
607 /HKG_007_a_0178 Aaron 1202 [6, 4, 8, 6, 6, 6, 4, 0, 6, 6]
608 /HKG_007_a_0178 Aaron 1213 [6, 6, 7, 6, 8, 6, 5, 0, 0, 0]
609 /HKG_007_a_0181 Aaron 1221 [6, 6, 6, 0, 6, 6, 6, 6, 8, 6]
610 /HKG_007_a_0181 Aaron 1232 [2, 8, 6, 6, 6, 6, 0, 8, 8, 0]
611 /HKG_007_a_0181 Aaron 1243 [8, 6, 2, 5, 5, 0, 2, 0, 6, 8]
612 /HKG_007_a_0183 Aaron 1251 [5, 7, 5, 6, 6, 6, 6, 5, 7, 5]
613 /HKG_007_a_0183 Aaron 1262 [3, 1, 5, 2, 2, 2, 6, 3, 6, 5]
614 /HKG_007_a_0183 Aaron 1273 [3, 3, 3, 3, 6, 3, 5, 6, 6, 7]
615 /HKG_007_b_0002 Aaron 1291 [11, 11, 11, 11, 11, 11, 11, 11, 11, 11]
616 /HKG_007_b_0002 Aaron 1302 [11, 11, 11, 11, 11, 11, 11, 11, 11, 11]
617 /HKG_007_b_0002 Aaron 1313 [5, 11, 11, 11, 11, 11, 5, 11, 11, 11]
618 /HKG_007_b_0007a Aaron 1331 [6, 6, 6, 6, 6, 6, 6, 11, 6, 6]
619 /HKG_007_b_0007a Aaron 1342 [6, 6, 6, 6, 6, 6, 6, 6, 6, 6]
620 /HKG_007_b_0007a Aaron 1353 [11, 11, 6, 11, 11, 11, 6, 6, 11, 11]
621 /HKG_007_b_0010 Aaron 1361 [6, 6, 6, 6, 7, 6, 6, 6, 6, 6]
622 /HKG_007_b_0010 Aaron 1372 [6, 7, 6, 6, 7, 7, 7, 6, 6, 2]
623 /HKG_007_b_0010 Aaron 1383 [6, 6, 6, 6, 6, 6, 6, 6, 6, 6]
624 /HKG_007_b_0012a Aaron 1391 [11, 11, 11, 11, 11, 11, 11, 11, 11, 11]
625 /HKG_007_b_0012a Aaron 1402 [11, 11, 11, 11, 11, 11, 11, 11, 11, 11]
626 /HKG_007_b_0012a Aaron 1413 [11, 11, 11, 11, 11, 11, 11, 11, 11, 11]
627 /HKG_007_b_0014 Aaron 1421 [0, 0, 8, 0, 0, 0, 6, 0, 4, 0]
628 /HKG_007_b_0014 Aaron 1432 [0, 0, 0, 7, 0, 0, 0, 0, 0, 0]
629 /HKG_007_b_0014 Aaron 1443 [0, 0, 0, 6, 4, 4, 0, 0, 0, 0]
630 /HKG_007_b_0020 Aaron 1451 [2, 6, 2, 6, 2, 2, 6, 6, 2, 6]
631 /HKG_007_b_0020 Aaron 1462 [2, 0, 6, 2, 6, 6, 1, 2, 2, 2]
632 /HKG_007_b_0020 Aaron 1473 [2, 6, 2, 6, 6, 4, 1, 2, 2, 6]
633 /HKG_007_b_0023a Aaron 1481 [6, 6, 0, 2, 0, 8, 0, 0, 5, 8]
634 /HKG_007_b_0023a Aaron 1492 [5, 5, 0, 0, 10, 8, 0, 9, 5, 7]
635 /HKG_007_b_0023a Aaron 1503 [8, 5, 0, 6, 0, 6, 5, 0, 1, 8]
636 /HKG_007_b_0023c Aaron 1511 [6, 6, 8, 5, 6, 6, 5, 6, 6, 6]
637 /HKG_007_b_0023c Aaron 1522 [6, 6, 6, 6, 6, 6, 6, 6, 6, 6]
638 /HKG_007_b_0023c Aaron 1543 [6, 8, 6, 2, 6, 6, 5, 6, 8, 6]
639 /HKG_007_b_0038 Aaron 1551 [5, 6, 6, 1, 6, 5, 1, 6, 5, 6]
640 /HKG_007_b_0038 Aaron 1562 [7, 7, 1, 5, 5, 1, 5, 0, 0, 0]
641 /HKG_007_b_0038 Aaron 1573 [5, 3, 6, 7, 5, 0, 6, 1, 5, 6]
642 /HKG_007_b_0041 Aaron 1581 [5, 1, 11, 6, 1, 5, 1, 4, 1, 4]
643 /HKG_007_b_0041 Aaron 1592 [7, 5, 5, 1, 7, 5, 5, 5, 5, 7]
644 /HKG_007_b_0041 Aaron 1603 [7, 6, 7, 6, 8, 6, 7, 5, 6, 6]
645 /HKG_007_b_0042 Aaron 1611 [0, 2, 1, 5, 6, 5, 5, 6, 5, 0]
646 /HKG_007_b_0042 Aaron 1622 [6, 6, 6, 5, 6, 6, 6, 0, 6, 6]
647 /HKG_007_b_0042 Aaron 1633 [6, 7, 5, 6, 1, 1, 6, 5, 7, 6]
648 /HKG_007_a_0003 Aaron 2443 [0, 0, 0, 0, 0, 0, 0, 0, 0, 0]
649 /HKG_007_a_0011a Aaron 2582 [2, 6, 6, 5, 5, 5, 6, 6, 6, 8]
650 /HKG_007_a_0018b Aaron 2721 [6, 1, 5, 6, 6, 6, 6, 6, 11, 5]
651 /HKG_007_a_0027a Aaron 131 [0, 0, 0, 0, 0, 4, 0, 6, 6, 4]
652 /HKG_007_a_0048 Aaron 293 [6, 6, 6, 6, 6, 6, 6, 2, 6, 5]
653 /HKG_007_a_0056 Aaron 442 [5, 5, 5, 5, 6, 3, 6, 7, 5, 3]
654 /HKG_007_a_0065 Aaron 591 [1, 6, 6, 6, 6, 5, 6, 9, 8, 8]
655 /HKG_007_a_0083 Aaron 753 [5, 0, 0, 0, 8, 0, 6, 0, 5, 5]
656 /HKG_007_a_0101a Aaron 902 [6, 5, 6, 6, 6, 5, 6, 6, 6, 6]
657 /HKG_007_a_0169 Aaron 1041 [6, 6, 6, 6, 5, 0, 0, 2, 5, 5]
658 /HKG_007_c_0001 Aaron 1641 [11, 11, 11, 11, 11, 11, 5, 2, 11, 11]
659 /HKG_007_c_0001 Aaron 1652 [11, 6, 11, 11, 11, 6, 11, 11, 11, 6]
660 /HKG_007_c_0001 Aaron 1663 [11, 11, 11, 11, 11, 11, 7, 11, 11, 11]
661 /HKG_007_c_0003 Aaron 1671 [0, 0, 5, 11, 5, 11, 11, 11, 11, 5]
662 /HKG_007_c_0003 Aaron 1682 [11, 5, 11, 11, 0, 11, 11, 5, 11, 11]
663 /HKG_007_c_0003 Aaron 1693 [11, 6, 11, 11, 11, 5, 5, 5, 11, 11]
664 /HKG_007_c_0009 Aaron 1701 [6, 1, 1, 7, 6, 0, 0, 6, 6, 2]
665 /HKG_007_c_0009 Aaron 1712 [7, 7, 7, 0, 2, 1, 8, 6, 5, 1]
666 /HKG_007_c_0009 Aaron 1723 [0, 8, 6, 3, 0, 0, 8, 0, 0, 1]
667 /HKG_007_c_0010 Aaron 1731 [4, 4, 4, 4, 4, 4, 4, 4, 4, 4]
668 /HKG_007_c_0010 Aaron 1742 [4, 4, 4, 4, 4, 4, 4, 4, 4, 4]
669 /HKG_007_c_0010 Aaron 1753 [4, 6, 4, 4, 6, 4, 4, 4, 4, 4]
670 /HKG_007_c_0012 Aaron 1761 [0, 6, 6, 6, 0, 9, 6, 4, 6, 6]
671 /HKG_007_c_0012 Aaron 1772 [0, 6, 0, 6, 6, 6, 6, 6, 6, 0]
672 /HKG_007_c_0012 Aaron 1783 [6, 2, 0, 6, 6, 6, 5, 8, 0, 6]
673 /HKG_007_d_0002 Aaron 1791 [11, 4, 5, 0, 0, 5, 0, 9, 0, 0]
674 /HKG_007_d_0002 Aaron 1812 [4, 5, 6, 0, 5, 5, 5, 8, 6, 5]
675 /HKG_007_d_0002 Aaron 1823 [11, 5, 6, 5, 0, 5, 11, 6, 6, 0]
676 /HKG_007_d_0003a Aaron 1831 [5, 6, 5, 0, 5, 5, 5, 5, 0, 5]
677 /HKG_007_d_0003a Aaron 1842 [5, 5, 0, 0, 5, 5, 6, 5, 5, 5]
678 /HKG_007_d_0003a Aaron 1853 [5, 5, 0, 5, 5, 5, 5, 5, 5, 5]
679 /HKG_007_d_0004a Aaron 1861 [5, 5, 0, 5, 5, 5, 5, 5, 5, 5]
680 /HKG_007_d_0004a Aaron 1872 [6, 6, 6, 6, 6, 4, 6, 6, 3, 6]
681 /HKG_007_d_0004a Aaron 1893 [6, 6, 6, 6, 6, 4, 6, 6, 3, 6]
682 /HKG_007_d_0007 Aaron 1901 [5, 6, 6, 6, 6, 6, 5, 6, 6, 6]
683 /HKG_007_d_0007 Aaron 1912 [5, 6, 6, 6, 6, 6, 5, 6, 6, 6]
684 /HKG_007_d_0007 Aaron 1923 [11, 8, 6, 6, 2, 8, 6, 2, 2, 7]
685 /HKG_007_d_0009a Aaron 1931 [11, 8, 6, 6, 2, 8, 6, 2, 2, 7]
686 /HKG_007_d_0009a Aaron 1942 [0, 6, 11, 0, 6, 6, 6, 6, 6, 6]
687 /HKG_007_d_0009a Aaron 1953 [0, 6, 11, 0, 6, 6, 6, 6, 6, 6]
688 /HKG_007_d_0010 Aaron 1961 [7, 6, 0, 6, 0, 0, 0, 4, 4, 6]
689 /HKG_007_d_0010 Aaron 1972 [7, 6, 0, 6, 0, 0, 0, 4, 4, 6]
690 /HKG_007_d_0010 Aaron 1983 [7, 11, 5, 4, 0, 2, 6, 5, 4, 0]
691 /HKG_007_d_0011 Aaron 1991 [7, 11, 5, 4, 0, 2, 6, 5, 4, 0]
692 /HKG_007_d_0011 Aaron 2002 [6, 6, 8, 6, 6, 0, 0, 0, 0]
693 /HKG_007_d_0011 Aaron 2013 [6, 6, 8, 6, 6, 0, 0, 0, 0]
694 /HKG_007_d_0014 Aaron 2021 [3, 4, 3, 4, 9, 4, 3, 3, 11, 3]
695 /HKG_007_d_0014 Aaron 2032 [3, 3, 3, 4, 9, 4, 3, 3, 11, 3]
696 /HKG_007_d_0014 Aaron 2043 [11, 11, 11, 3, 3, 3, 4, 3, 11, 11]
697 /HKG_007_d_0015a Aaron 2051 [11, 11, 11, 3, 3, 3, 4, 3, 11, 11]
698 /HKG_007_d_0015a Aaron 2062 [11, 11, 11, 11, 11, 11, 11, 11, 11, 6]
699 /HKG_007_d_0015a Aaron 2073 [11, 11, 11, 11, 11, 11, 11, 11, 11, 6]
700 /HKG_007_d_0022 Aaron 2081 [11, 11, 11, 11, 6, 7, 6, 11, 5, 11]
701 /HKG_007_d_0022 Aaron 2092 [11, 11, 11, 11, 6, 7, 6, 11, 5, 11]
702 /HKG_007_d_0022 Aaron 2103 [11, 11, 6, 6, 11, 6, 11, 6, 7, 6]
703 /HKG_007_d_0025a Aaron 2121 [11, 11, 11, 11, 11, 11, 11, 11, 11, 11]
704 /HKG_007_d_0025a Aaron 2132 [11, 11, 11, 11, 11, 11, 11, 11, 11, 11]
705 /HKG_007_d_0025a Aaron 2143 [11, 11, 11, 11, 11, 11, 11, 11, 11, 11]
706 /HKG_007_d_0027 Aaron 2151 [11, 11, 11, 11, 11, 11, 11, 11, 11, 11]
707 /HKG_007_d_0027 Aaron 2162 [11, 11, 11, 7, 5, 11, 11, 11, 9, 11]
708 /HKG_007_d_0027 Aaron 2173 [11, 11, 11, 11, 11, 11, 11, 11, 11, 11]
709 /HKG_004_a_0002 Aaron 171 [6, 3, 6, 2, 8, 6, 1, 6, 2, 2]
710 /HKG_004_a_0002 Aaron 182 [8, 8, 8, 8, 8, 8, 5, 6, 2, 6]
711 /HKG_004_a_0002 Aaron 193 [8, 2, 8, 8, 8, 6, 6, 6, 6, 6]
712 /HKG_004_a_0003 Aaron 201 [2, 2, 2, 2, 5, 2, 2, 0, 2, 2]
713 /HKG_004_a_0003 Aaron 212 [2, 2, 2, 4, 2, 8, 4, 2, 2, 2]
714 /HKG_004_a_0003 Aaron 223 [2, 2, 2, 2, 8, 2, 8, 2, 2, 8]
715 /HKG_004_a_0005a Aaron 231 [8, 8, 6, 6, 5, 6, 6, 8, 8, 5]
716 /HKG_004_a_0005a Aaron 253 [7, 8, 8, 8, 7, 8, 5, 0, 5, 5]
717 /HKG_004_a_0005b Aaron 261 [6, 5, 5, 5, 8, 8, 6, 8, 5, 5]
718 /HKG_004_a_0005b Aaron 272 [6, 6, 6, 6, 6, 6, 6, 5, 6, 6]
719 /HKG_004_a_0005b Aaron 283 [2, 8, 6, 0, 8, 8, 8, 8, 8, 8]
720 /HKG_004_a_0007 Aaron 301 [8, 8, 8, 8, 2, 8, 2, 8, 8, 8]
721 /HKG_004_a_0007 Aaron 312 [2, 7, 2, 7, 6, 6, 7, 6, 2, 7]
722 /HKG_004_a_0007 Aaron 323 [6, 8, 8, 8, 8, 2, 2, 6, 2, 2]
723 /HKG_004_a_0008a Aaron 331 [8, 2, 6, 5, 7, 2, 2, 6, 6, 9]
724 /HKG_004_a_0008a Aaron 342 [2, 6, 6, 6, 6, 5, 2, 8, 6, 6]
725 /HKG_004_a_0008a Aaron 353 [6, 6, 6, 2, 2, 5, 6, 6, 11, 6]
726 /HKG_004_a_0009 Aaron 361 [5, 5, 5, 5, 5, 4, 5, 5, 5, 5]
